10000111920260000201589088000003251436900125
10000130820230000265882776000004288431900051
12000111220240000171638262000002768359100220
12000132220230000215449628000003474994000222
20000100720260000000480488000000007749800226
20000101420230000199678651000003220623400169
20000121020230000169941374000002740989900065
20000132920230000016401831000000264545700097
26000116820220000034579399000000557732200154
27000122420230000141940263000002289359100218
27000123120260000028827429000000464958500130
27000128720260000210807583000003400122300092
27900002620230000006648582000000116625600038
45000126620230000110784664000001786849400005
46000129420220000131848034000002126581200058
47000136420230000047972405000000773748500063
81000109120230000074520847000001201949100111
81000113320230000077591773000001251480200155
82000115420220000206733650000003334413700244
82000117520260000105995453000001709604100064
82900000020230000007884894000000120272100019
83000123820230000000977089000000015759500198
84000102820230000015410544000000248557200079
85000114720230000230465415000003717184100224
86000106320260000288087077000004646565800093
86000110520240000161927342000002611731300100
87000104920220000272420398000004393877400231
88000133620230000058056133000000936389200070
88900001320230000003960286000000096733000028
91000118920240000130640669000002107107600231
91000127320220000301943245000004870052300006
92000130120240000061443921000000991031000211
92000131520230000000274676000000004430300124
93000105620230000134144809000002163625900198
93000107020240000142119362000002292247800175
93000109820230000224900860000003627433200151
93000134320260000236885894000003820740200157
93000135720230000313779422000005060958400177
94000103520220000088578016000001428677700085
94000116120230000000242904000000003917800014
94000120320230000236010608000003806622700169
94000124520230000332706800000005366238700048
94000135020230000268628310000004332714700214
95000119620230000268250729000004326624700129
95000128020230000221468213000003572067900179
98000102120240000219561294000003541311200247
98000108420230000001436279000000023165800179
98000112620230000286676659000004623817100141
98900003920230000005430718000000078079000012
99000111120230000090000000000001500000000007
99000111120230000022233344000000001111100002
99200444420230000010000000000000200000000003
99400777720230000050000000000002020000000004
