990999999012023121502024106000000010000020240199999999999999
991000001012023121502024106000000050000020240199999999999999
991000003012023126502024106000000001000020240199999999999999
991000004012023121502024010000000050000020240199999999999999
991000005012023121502024040000000010000020240199999999999999
991000006012018121502024106000000100000020240199999999999999
991000007012023061502024106000000000000120240199999999999999
991000008012023121502023366000000050000020240199999999999999
991000009012023121501900100000000050000020240199999999999999
991000010012023121502000100000000050000020240199999999999999
991000011012023121502024106999999999999920240199999999999999
991000012012023121502024106000000001000020240199999999999999
