10000111920260000147798371000002383844700232
12000111220240000172087256000002775600900055
12000134320260000239685850000003865900800070
20000100720260000000453935000000007321500216
20000101420230000200628992000003235951500003
20000130120230000190742956000003076499300211
26000117520260000046845278000000755569000014
27000132920220000153478302000002475456500222
27900003920230000006648582000000116625600038
45000116120230000000865606000000013961400212
45000121020240000038353528000000618605300049
45000126620230000086512505000001395363000006
47900001320230000002576341000000115613800011
81000109120230000139148600000002244332300079
81000113320230000077636966000001252209100063
82000132220240000222873332000003594731200124
82900002620230000005326319000000079321800028
83000114720240000039927574000000643993100206
83000131520240000000314347000000005070100051
84000102820230000028873346000000465699100078
84000116820240000343883471000005546507600218
85000127320230000271063110000004371985600179
86000106320260000288055446000004646055600034
86000110520240000183500537000002959686100146
87000104920220000270478085000004362549800191
87000123820240000001589404000000025635500206
87000129420230000139434587000002248945000058
88000133620230000270771448000004367281400097
88000135720220000053847346000000868505600157
91000115420220000087248787000001407238500028
91000118920240000101058713000001629979200143
91000125220230000255577211000004122213100050
93000105620230000164443012000002652306700089
93000107020240000092235485000001487669100098
93000109820230000203834754000003287657300041
93000121720220000021920016000000353548600166
93000136420230000088283101000001423921000214
94000103520220000087797724000001416092300248
94000122420220000141221020000002277758400080
94900000020230000003515077000000049183600031
95000119620230000148328628000002392397200058
95000120320220000060530055000000976291200178
95000123120260000100039683000001613543300046
98000102120240000280474412000004523780800220
98000108420230000001076657000000017365400211
98000112620230000286006616000004613009900061
98000128720260000037615619000000606703500092
