100001077102023061502024106000003917532320233703888135879647
100001077102023066502023184000004447534820233405881919906919
100001119012026061502027105000002380303720262614867396843271
100001119012026066502026196000000872233620261201572514334817
100001119012026066502026196000000872233620262166736617265606
100001119012026066502026196000000872233620262354542833230095
120001112012024031502025105000002776292220240408613858597341
120001112012024036502024114000000999465220240961642469377474
120001112012024036502024126000000999465220244068268744542290
120001343012026061502027105000003880130020262005137829775910
120001343012026066502026196000001048714020260420829224554744
120001343012026066502026196000001048714020260917537726845323
120001343012026066502026196000001048714020262556925450801641
120001343012026066502026196000001048714020263128144085113657
120001350102024091502025105000001916655720244281528200454370
120001350102024096502025031000000638885220242964712363356573
120001350102024096502025039000000638885220244834576153932997
120001350102024096502025071000000638885220241657660353272438
200001007012026061502027105000000005764220265219721401908688
200001007012026065602031288000000000000020263549264796918506
200001007012026066502026184000000003492320260406888552406178
200001007012026066502026184000000003492320260993206101118434
200001007012026069762027145000000000000020263005623916296928
200001007012026069772027160000000000000020263368921678789253
200001014012023121502024106000003236483720233298400174696322
200001014012023126502024043000001780066020232524755364277809
200001301012023091502024106000004629491220231033484257240638
200001301012023096502024031000001157372820234300749249687695
200001301012023096502024039000001157372820232511240921477262
200001301012023096502024051000001157372820230567858791818981
200001301012023096502024051000001157372820233610994584284455
260001175012026061502027105000000754645920263945445694615785
260001175012026066502027031000000290851820262686184509928903
260001175012026066502027031000000290851820264092071666921998
260001175012026066502027031000000290851820264457999132732728
270001329012022121502023105000002466473320224594150307652321
270001329012022126502023035000000000000020223124236177804560
450001161012023031502024106000000013906520231846109557543995
450001161012023036502023125000000004218320232776543500320000
450001161012023036502023125000000004218320234617983573270496
450001161012023036502023145000000004218320233023367132699502
450001210012024091502025105000000493994520241045944576747104
450001210012024096502024277000000149845020243848035650633897
450001210012024096502024280000000149845020241971157996448279
450001210012024096502024297000000149845020245062367466475359
450001259022023121502024106000001030632020230289821783880331
450001259022023126502024034000000141711920235115211999041994
450001259022023126502024039000000141711920234059782544166961
450001259022023126502024071000000141711920232981903812819128
450001259022023126502024071000000141711920233985242973672334
450001259022023129762024146000000000000020233000946194277489
450001259022023129772024161000000000000020233353455136401499
450001266012023031502024106000001400119920232224439229170141
450001266012023036502024034000000504043220232269782569009965
450001266012023036502024039000000504043220230334619439103999
470001140022024061502025105000002600729820240830606965561613
470001140022024066502024185000001300364920242350737792509184
470001140022024066502024205000001300364920240709985100209406
810001091012023061502024106000002234140120233913915205716404
810001091012023066502023187000001228777120235203637168297536
810001133012023061502024106000001254672420231761274856939704
810001133012023066502023196000000000000020233271532398178714
810001133012023066502023196000000000000020234800551386682548
810001133012023069762024146000000000000020233075983655254503
810001133012023069772024161000000000000020233337936904781551
820001308102022061502023105000003145801320222685699237766318
820001308102022066502022196000000576730220220977076672825629
820001308102022066502022196000000576730220225271218091738980
820001308102022066502022199000000576730220221872529686539961
820001322012024091502025105000003612205620240168865995729786
820001322012024096502024277000000662237720243369074969152083
820001322012024096502024285000000662237720244277777526964048
820001322012024096502024297000000662237720243459505114283817
820001322012024099762025145000000000000020243007811233762615
830001147012024091502025105000000643579320245019727715164460
830001147012024096502024277000000228277820240939428970548703
830001147012024096502024277000000228277820241794401684189931
830001147012024096502024277000000228277820244806287023138983
830001245102023121502024106000001639499920230431390270931350
830001245102023126502024018000001639499920234469532281225393
830001315012024121502025105000000005094020241653996888009607
830001315012024126502025015000000000000020244592322212460742
840001028012023031502024106000000463998720230203853432919696
840001028012023036502024031000000000000020234531673241780122
840001042102023121502024106000003072814420233226295206598773
840001042102023126502024031000000768203620235153354641779751
840001042102023126502024039000000768203620232427577041873843
840001042102023126502024051000000768203620231871552047406037
840001042102023126502024071000000768203620233143166294265591
840001168012024091502025105000004555360820241247578440164501
840001168012024096502024285000003279859820241910338585269711
850001273012023061502024106000004375870620230119596912869942
850001273012023066502024031000004375870620230229366945966615
860001063012026061502027105000004663827320264574256327334670
860001063012026066502026184000001998896020260658637372680234
860001063012026066502026184000001998896020261987415845772387
860001063012026066502026184000001998896020263303619217006403
860001105012024061502025105000002609902120245042774039656121
860001105012024066502025031000000869967420240260791658151841
860001105012024066502025034000000869967420242343338785703274
860001105012024066502025071000000869967420243787187746462299
860001280022022121502023105000001235850220224272297946554551
860001280022022126502023006000000296604020223635976065843052
860001280022022126502023023000000296604020220791673337242002
860001280022022126502023043000000296604020224424727060939085
870001049012022121502023105000004383242020224076553062219395
870001049012022126502023015000004383242020221227492125999709
870001238012024061502025105000000020960320243107808478801778
870001238012024066502025039000000000000020244791972067849312
870001238012024066502025051000000000000020244476877646256260
870001294012023091502024106000003303366020232945443996175565
870001294012023096502023276000001002021020234274268383239830
870001294012023096502023279000001002021020233898451438528052
870001294012023096502023296000001002021020234886189523778414
880001336012023091502024106000003246144320232219544192739335
880001336012023096502024031000003246144320235236333156975831
880001357012022091502023105000000866650120223445828650328195
880001357012022096502022288000000930498020221646377615623592
910001154012022121502023105000001407361620220417867943075933
910001154012022126502023003000001407361620224211855589804278
910001189012024091502025105000001631782520240432558781141492
910001189012024096502025071000000742461020243104931459171795
910001189012024096502025071000000742461020243697340006749978
910001252012023121502024106000004140776820230566445079989984
910001252012023126502024011000000759142420230771895178298597
910001252012023126502024023000000759142420230280662865570378
910001252012023126502024023000000759142420232988898939977770
920001182022022121502023105000002037468220223072770794744420
920001182022022126502023011000001018734120221161284736006437
920001182022022126502023011000001018734120221408153429469908
930001056012023031502024106000002167009820230570602244749691
930001056012023036502023108000001191855420235141174723326193
930001070012024121502025105000002294996320244632770071422040
930001070012024126502025003000001147498220244189124569608807
930001070012024126502025006000001147498220242489375116517470
930001070012024129762025145000000000000020243086572452453466
930001098012023031502024106000003282806220234166835157544370
930001098012023036502024051000003282806220232266936791660815
930001217012022121502023105000000352107620222912459434768800
930001217012022126502023003000000146569820222251089874908350
930001217012022126502023003000000146569820222654276086404809
930001217012022126502023003000000146569820224172983024071013
930001364012023061502024106000001428917520231219388583109503
930001364012023066502023196000000650157520233801300663349304
930001364012023066502023204000000650157520235255997733328511
940001035012022031502023105000001422059720222617192299817186
940001035012022036502023031000000511941520222588885730399613
940001035012022036502023071000000511941520220720316147573605
940001224012022091502023105000002849063720224049109797832806
940001224012022096502023031000001566985020222995370151330773
950001196012023121502024106000004330996020233690744326451391
950001196012023125602028289000000000000020233588270020260650
950001196012023126502024015000001082749020230284503356829048
950001196012023126502024015000001082749020233998014614477738
950001196012023126502024018000001082749020230860663891856548
950001196012023126502024035000001082749020234464544112791105
950001196012023129762024146000000000000020233059211189547493
950001203012022091502023105000000977072620220490876301515651
950001203012022096502022276000000000000020223415824996256510
950001203012022096502022276000000000000020224671643922643608
950001203012022096502022279000000000000020223809110592006941
950001203012022096502022316000000000000020222882553934642396
950001231012026061502027105000001608251720263771285616628352
950001231012026066502026184000002045479120261903671236726014
980001021012024121502025105000004503493720244425115168474225
980001021012024126502025015000001024544820240912394465009019
980001021012024126502025015000001024544820240934180470371737
980001021012024126502025015000001024544820244984768566684741
980001021012024126502025055000001024544820244597803646723408
980001084012023091502024106000000017321920233487236009822964
980001084012023096502024039000000006235920232368828805713619
980001084012023096502024071000000006235920231202703796186795
980001126012023121502024106000004635953020230317926732636835
980001126012023126502024055000003337886220234510796639883734
980001287012026061502027105000000606929720264798342432326733
980001287012026066502026196000000335962120260934704887110122
980001287012026066502026196000000335962120264643988895126437
