1899000
1899001
1899002
1899059
1899060
1899061
1899090
1899120
1899181
1899182
1899244
1899300
1899364
1899365
1899366
1899367
1899999
1900000
1900001
1900002
1900059
1900060
1900061
1900090
1900120
1900122
1900181
1900182
1900244
1900300
1900364
1900365
1900366
1900367
1900999
1902146
1906324
1911829
1912108
1913369
1919658
1920555
1924422
1925315
1925999
1927564
1928307
1930408
1930909
1930990
1931248
1931808
1932433
1932635
1932919
1934078
1935309
1936051
1936624
1936865
1937977
1938378
1940695
1942247
1942915
1943507
1945028
1945061
1947559
1949071
1949351
1951081
1953196
1953575
1953676
1954030
1954283
1957634
1960478
1961391
1961757
1961900
1964404
1964907
1965793
1967811
1969821
1971788
1975559
1975631
1976376
1976861
1977883
1979088
1979126
1979306
1979323
1979683
1984640
1985093
1986487
1987223
1988105
1992388
1994249
1994752
1995600
1996000
1996001
1996002
1996059
1996060
1996061
1996090
1996120
1996181
1996182
1996244
1996300
1996364
1996365
1996366
1996367
1996999
1998498
1999000
1999001
1999002
1999059
1999060
1999061
1999090
1999120
1999181
1999182
1999244
1999300
1999364
1999365
1999366
1999367
1999934
1999999
2000000
2000001
2000002
2000059
2000060
2000061
2000090
2000120
2000181
2000182
2000244
2000300
2000364
2000365
2000366
2000367
2000999
2001000
2001001
2001002
2001059
2001060
2001061
2001090
2001120
2001181
2001182
2001244
2001300
2001364
2001365
2001366
2001367
2001999
2004000
2004001
2004002
2004059
2004060
2004061
2004090
2004120
2004181
2004182
2004244
2004300
2004364
2004365
2004366
2004367
2004999
2007591
2007981
2009027
2009452
2012563
2014403
2015910
2017041
2020980
2021612
2022335
2023000
2023001
2023002
2023059
2023060
2023061
2023090
2023120
2023181
2023182
2023244
2023300
2023364
2023365
2023366
2023367
2023999
2024000
2024001
2024002
2024059
2024060
2024061
2024090
2024120
2024181
2024182
2024244
2024300
2024364
2024365
2024366
2024367
2024999
2025000
2025001
2025002
2025059
2025060
2025061
2025090
2025120
2025181
2025182
2025244
2025300
2025364
2025365
2025366
2025367
2025999
2026176
2027976
2029821
2030247
2032255
2037754
2038808
2041525
2045667
2045972
2047812
2049210
2050697
2050962
2051838
2057164
2057417
2061733
2062323
2063500
2064494
2064703
2067044
2069781
2078286
2078322
2079335
2079639
2080080
2081930
2082132
2083594
2086365
2088099
2089573
2089662
2090636
2090926
2091726
2093595
2095243
2097252
2099000
2099001
2099002
2099059
2099060
2099061
2099090
2099120
2099181
2099182
2099244
2099300
2099364
2099365
2099366
2099367
2099460
2099999
2100000
2100001
2100002
2100059
2100060
2100061
2100090
2100120
2100181
2100182
2100244
2100300
2100364
2100365
2100366
2100367
2100999
2102265
2104970
2105719
2106632
2107001
2107974
2108612
2108703
2109179
2109947
2110577
2117734
2119216
2119242
2119648
2119749
2121091
2122570
2124181
2125717
2127355
2131015
2133644
2135318
2135503
2137599
2139182
2139412
2142061
2144109
2144312
2148564
2148591
2150935
2151865
2152456
2153668
2154260
2155888
2156357
2158837
2159583
2160264
2160312
2160400
2166042
2168400
2170265
2170707
2175354
2176959
2178774
2180279
2180956
2181342
2183475
2187175
2188064
2188473
2188907
2191852
2192592
2193219
2193736
2195891
2196460
2196925
2197157
2199323
2199475
2200430
2400000
2400001
2400002
2400059
2400060
2400061
2400090
2400120
2400181
2400182
2400244
2400300
2400364
2400365
2400366
2400367
2400999
2401000
2401001
2401002
2401059
2401060
2401061
2401090
2401120
2401181
2401182
2401244
2401300
2401364
2401365
2401366
2401367
2401999
